56 0.526812 0.583009 0.162406 0.318899
56 0.677312 0.478618 0.163844 0.31377
56 0.0671953 0.191979 0.134391 0.250984
63 0.449562 0.380363 0.0768125 0.108361
63 0.5715 0.263888 0.0963437 0.127073
63 0.320359 0.307588 0.091625 0.10281
73 0.279664 0.577447 0.126797 0.135363
63 0.42225 0.396393 0.0210313 0.0698361
73 0.0979531 0.0319789 0.0724687 0.0372131
56 0.380922 0.226194 0.08125 0.0641452
56 0.124398 0.322588 0.0212031 0.0801639
56 0.15982 0.473361 0.0897656 0.184286
56 0.291852 0.14226 0.132516 0.24541
