56 0.404852 0.853762 0.234422 0.270981
73 0.248281 0.16271 0.23175 0.136308
73 0.367633 0.0528037 0.0110156 0.104112
73 0.0246094 0.65139 0.0487812 0.0385748
73 0.147867 0.0368107 0.0105469 0.0726402
73 0.0411562 0.691028 0.0760312 0.0506542
73 0.387898 0.0550117 0.0134531 0.110023
73 0.316164 0.0510748 0.0264844 0.0999065
73 0.0286172 0.328832 0.0271094 0.171168
63 0.863742 0.938178 0.272516 0.121028
73 0.106242 0.157512 0.0135156 0.103107
73 0.0737734 0.151414 0.0210781 0.110724
73 0.0936797 0.15771 0.00832813 0.100374
73 0.377883 0.0526752 0.0124219 0.103668
73 0.29868 0.0468692 0.0114844 0.0937383
