56 0.519016 0.322354 0.0925938 0.186417
56 0.918891 0.272677 0.0714063 0.162646
56 0.815586 0.248573 0.0605469 0.0986458
63 0.876508 0.179458 0.0434219 0.0510833
73 0.406023 0.139552 0.00726563 0.0373542
73 0.397445 0.148625 0.0186094 0.0455
73 0.395117 0.0866563 0.00801563 0.0387708
73 0.177813 0.207 0.0121875 0.0449583
73 0.176953 0.151271 0.00834375 0.0427083
73 0.176617 0.091375 0.00607813 0.0450833
73 0.420875 0.0851354 0.0175313 0.0425208
73 0.290063 0.0302292 0.0058125 0.0328333
73 0.410148 0.0885521 0.00382813 0.0420625
63 0.454062 0.211812 0.0295625 0.04
63 0.967328 0.165604 0.0509063 0.0420833
73 0.401383 0.0869167 0.00823437 0.040375
73 0.397719 0.0363229 0.00403125 0.0391458
56 0.833867 0.382573 0.248422 0.290771
56 0.69743 0.213062 0.0198906 0.051625
56 0.972406 0.338958 0.0551875 0.205208
73 0.419906 0.136906 0.0257188 0.0476458
73 0.310328 0.0373542 0.005625 0.0365833
56 0.401852 0.834156 0.162953 0.301229
