56 0.803298 0.844477 0.386315 0.311047
56 0.615692 0.648664 0.248709 0.265828
56 0.517523 0.470211 0.0688498 0.0697031
56 0.46939 0.4065 0.0448826 0.061875
56 0.719014 0.325734 0.0320657 0.028
56 0.85223 0.384414 0.0808451 0.0336406
56 0.872887 0.357062 0.0275587 0.0239688
63 0.283685 0.528563 0.138545 0.06325
73 0.819425 0.568609 0.0988498 0.0314688
73 0.296913 0.275023 0.0506808 0.0253594
73 0.359554 0.359563 0.0902347 0.052875
73 0.751103 0.497484 0.0400939 0.0213438
56 0.509448 0.448344 0.095939 0.114
56 0.608099 0.30832 0.0315493 0.0259219
73 0.2398 0.57482 0.122653 0.0697969
73 0.938216 0.417758 0.044507 0.0128906
63 0.835376 0.352875 0.0293427 0.0201875
