56 0.573766 0.605365 0.169 0.379812
73 0.939484 0.08975 0.00703125 0.0580417
73 0.897219 0.189948 0.00778125 0.0686875
63 0.554375 0.372708 0.0765625 0.095875
73 0.907422 0.410552 0.01825 0.0795625
73 0.895203 0.50049 0.0119063 0.0790625
73 0.910937 0.314469 0.0095625 0.0759375
73 0.884047 0.408031 0.0153437 0.0779375
73 0.887406 0.512062 0.00396875 0.050625
73 0.878242 0.588823 0.00745312 0.0465208
73 0.945453 0.315302 0.0140313 0.0807292
73 0.874461 0.49201 0.0202344 0.0783958
73 0.8925 0.0913125 0.00921875 0.0628333
73 0.966477 0.320042 0.0175469 0.08425
73 0.884867 0.49774 0.0157656 0.0774792
