56 0.242098 0.41065 0.164585 0.137626
56 0.321935 0.910984 0.131545 0.0926341
56 0.634943 0.350813 0.0472195 0.087187
56 0.602268 0.434195 0.0830407 0.123382
56 0.745244 0.282407 0.11478 0.0548293
63 0.86448 0.292829 0.0888293 0.0904715
63 0.100862 0.448967 0.182309 0.0943902
63 0.733325 0.397593 0.0937398 0.0537886
73 0.734959 0.397049 0.0957073 0.0553659
73 0.903593 0.600024 0.00793496 0.0237886
73 0.78635 0.62787 0.070748 0.0250081
73 0.867602 0.538569 0.0137073 0.0292033
73 0.883049 0.559065 0.0214472 0.00801626
73 0.880846 0.599577 0.00634146 0.0232846
73 0.871732 0.660301 0.00635772 0.0194959
73 0.86239 0.630837 0.00705691 0.0193659
73 0.903976 0.560106 0.0203415 0.00678049
56 0.562935 0.356504 0.109057 0.223024
56 0.838976 0.294065 0.0977561 0.0323577
73 0.796528 0.574667 0.00756098 0.020878
73 0.86461 0.657984 0.0791707 0.0313496
73 0.83926 0.601642 0.00437398 0.0187317
73 0.805455 0.546496 0.00473171 0.0212846
