56 0.518609 0.439656 0.547438 0.398771
63 0.143258 0.59326 0.202234 0.211229
73 0.239414 0.170688 0.0518281 0.033
73 0.219508 0.221385 0.0270469 0.0573125
73 0.24568 0.220771 0.0213281 0.044
73 0.271484 0.222583 0.0260937 0.0390417
73 0.228758 0.352875 0.0704531 0.0252917
73 0.232852 0.383917 0.0762656 0.0185417
73 0.234422 0.374 0.0693125 0.0240417
73 0.238336 0.389781 0.0731719 0.0225208
73 0.231922 0.366198 0.0664687 0.0248542
73 0.208898 0.70775 0.0415156 0.025125
73 0.264039 0.286469 0.0445156 0.0573125
73 0.259 0.295979 0.0142187 0.0481667
56 0.77068 0.361083 0.00998438 0.0532083
73 0.244023 0.297031 0.0152969 0.0540208
