63 0.310211 0.306438 0.438922 0.4225
73 0.729773 0.664052 0.394391 0.285396
56 0.584414 0.253323 0.123547 0.214646
56 0.723953 0.148469 0.0880313 0.0487708
56 0.867875 0.266521 0.162531 0.315583
56 0.939391 0.249458 0.121219 0.307958
56 0.676078 0.0884375 0.0696875 0.118083
56 0.595555 0.0904583 0.0813281 0.105875
56 0.5 0.125 0.108094 0.139625
56 0.224648 0.0584271 0.0879844 0.0913958
56 0.123477 0.059625 0.0951719 0.0736667
56 0.389898 0.189437 0.138078 0.258833
56 0.109078 0.109427 0.108531 0.0484792
73 0.385398 0.410677 0.285297 0.171979
56 0.503117 0.0294583 0.0573906 0.0579583
