63 0.271018 0.542055 0.248764 0.136516
73 0.193318 0.262039 0.0138 0.0660781
73 0.215573 0.263844 0.0250727 0.0626875
73 0.267264 0.265594 0.0127455 0.0570625
73 0.230473 0.135844 0.0233818 0.0540937
73 0.236918 0.264922 0.0112545 0.0587188
73 0.142709 0.268422 0.0161818 0.0596875
73 0.143418 0.201117 0.0644 0.0109531
73 0.2582 0.200695 0.00974545 0.0432344
73 0.199082 0.196063 0.0224182 0.049375
73 0.186582 0.135805 0.0684 0.0528906
56 0.7975 0.853242 0.369255 0.289297
56 0.735445 0.557625 0.207218 0.213687
56 0.906373 0.606586 0.187255 0.135828
56 0.233845 0.501797 0.0790364 0.110156
73 0.257409 0.267141 0.0191455 0.0548438
73 0.158755 0.267391 0.0140545 0.056125
73 0.235509 0.198641 0.00774545 0.049875
