56 0.708508 0.80549 0.200109 0.347062
63 0.812359 0.676396 0.269656 0.265167
73 0.371648 0.544969 0.0520156 0.105146
73 0.382078 0.633542 0.0279687 0.08475
73 0.362445 0.437031 0.0164531 0.0785625
73 0.421906 0.444219 0.04375 0.0834792
73 0.403766 0.443177 0.0311563 0.0853958
73 0.401727 0.555562 0.00773437 0.0729167
73 0.378914 0.445344 0.00767187 0.0749375
73 0.276672 0.352187 0.0525312 0.00575
73 0.375031 0.441979 0.0101875 0.077625
73 0.366945 0.635198 0.00970312 0.0756042
73 0.367555 0.721292 0.0425781 0.0937083
73 0.277297 0.365781 0.0565625 0.0262292
